     0      0
   -64      0
   -64      0
  -128    190
  -128    190
  -128   -192
  -128   -192
   197   -328
   197   -328
   -72    -57
   -72    -57
   -73     54
   -73     54
   197    325
   197    325
    78    -88
    78    -88
   -66    -26
   -66    -26
   -87     98
   -87     98
  -441   -756
  -441   -756
  -442    753
  -442    753
   -86   -101
   -86   -101
   -66     24
   -66     24
    79     84
    79     84
    64    -40
    64    -40
   -65    -13
   -65    -13
  -102    133
  -102    133
  -189   -309
  -189   -309
   828  -1436
   828  -1436
   -78    -76
   -78    -76
   -69     38
   -69     38
   111    159
   111    159
   109   -162
   109   -162
   -69    -41
   -69    -41
   -78     73
   -78     73
   829   1433
   829   1433
  -190    306
  -190    306
  -101   -136
  -101   -136
   -65     10
   -65     10
    66     36
    66     36
    61    -21
    61    -21
   -65     -7
   -65     -7
  -113    158
  -113    158
  -151   -237
  -151   -237
   322   -552
   322   -552
   -75    -66
   -75    -66
   -70     46
   -70     46
   142    221
   142    221
    90   -120
    90   -120
   -67    -33
   -67    -33
   -82     85
   -82     85
 -1710  -2959
 -1710  -2959
  -262    435
  -262    435
   -93   -117
   -93   -117
   -66     17
   -66     17
    71     58
    71     58
    70    -62
    70    -62
   -65    -19
   -65    -19
   -94    114
   -94    114
  -261   -438
  -261   -438
 -1710   2956
 -1710   2956
   -82    -88
   -82    -88
   -67     31
   -67     31
    92    116
    92    116
   140   -224
   140   -224
   -70    -48
   -70    -48
   -75     63
   -75     63
   323    549
   323    549
  -152    235
  -152    235
  -113   -160
  -113   -160
   -65      4
   -65      4
    63     17
    63     17
    60    -12
    60    -12
   -64     -4
   -64     -4
  -120    172
  -120    172
  -138   -213
  -138   -213
   245   -415
   245   -415
   -73    -61
   -73    -61
   -71     50
   -71     50
   165    265
   165    265
    84   -103
    84   -103
   -66    -30
   -66    -30
   -84     91
   -84     91
  -694  -1198
  -694  -1198
  -327    551
  -327    551
   -89   -109
   -89   -109
   -66     20
   -66     20
    75     71
    75     71
    67    -51
    67    -51
   -65    -16
   -65    -16
   -97    123
   -97    123
  -218   -362
  -218   -362
  3368  -5838
  3368  -5838
   -80    -82
   -80    -82
   -68     34
   -68     34
   100    136
   100    136
   123   -190
   123   -190
   -69    -44
   -69    -44
   -77     68
   -77     68
   467    803
   467    803
  -168    266
  -168    266
  -106   -147
  -106   -147
   -65      7
   -65      7
    64     26
    64     26
    62    -30
    62    -30
   -64    -10
   -64    -10
  -107    145
  -107    145
  -168   -269
  -168   -269
   466   -806
   466   -806
   -77    -71
   -77    -71
   -70     42
   -70     42
   124    186
   124    186
    99   -139
    99   -139
   -68    -37
   -68    -37
   -80     79
   -80     79
  3369   5835
  3369   5835
  -219    360
  -219    360
   -97   -126
   -97   -126
   -65     14
   -65     14
    68     47
    68     47
    73    -75
    73    -75
   -66    -23
   -66    -23
   -90    106
   -90    106
  -326   -554
  -326   -554
  -695   1195
  -695   1195
   -84    -94
   -84    -94
   -67     27
   -67     27
    85     99
    85     99
   164   -269
   164   -269
   -71    -53
   -71    -53
   -74     58
   -74     58
   245    412
   245    412
  -139    210
  -139    210
  -120   -175
  -120   -175
   -65      1
   -65      1
    62      7
    62      7
   126      0
   126      0
   126      0
   126      0
   126      0
   126      0
   126      0
   126      0
   126      0
   126      0
   126      0
   126      0
   126      0
   126      0
   126      0
   126      0
   126      0
   126      0
   126      0
   126      0
   126      0
   126      0
   126      0
   126      0
   126      0
   126      0
   126      0
   126      0
   126      0
   126      0
   126      0
   126      0
   126      0
   126      0
   126      0
   126      0
   126      0
   126      0
   126      0
   126      0
   126      0
   126      0
   126      0
   126      0
   126      0
   126      0
   126      0
   126      0
   126      0
   126      0
   126      0
   126      0
   126      0
   126      0
   126      0
   126      0
   126      0
   126      0
   126      0
   126      0
   126      0
   126      0
   126      0
   126      0
   126      0
   126      0
   126      0
   126      0
   126      0
   126      0
   126      0
   126      0
   126      0
   126      0
   126      0
   126      0
   126      0
   126      0
   126      0
   126      0
   126      0
   126      0
   126      0
   126      0
   126      0
   126      0
   126      0
   126      0
   126      0
   126      0
   126      0
   126      0
   126      0
   126      0
   126      0
